4
1
1
1
16
1
14
14
17
11
16
16
4
20
4
8
11
2
15
18
18
14
1
16
5
1
1
13
1
5
3
1
1
20
4
3
1
9
5
16
8
9
19
13
7
17
4
5
1
13
1
4
2
13
13
2
7
1
3
15
5
10
18
8
1
10
11
18
1
1
3
20
1
9
1
2
1
1
6
16
19
15
1
10
1
1
1
2
1
4
17
1
18
1
13
1
20
18
1
1
1
1
8
6
16
1
1
1
1
20
1
1
19
15
2
16
11
4
2
18
19
1
9
1
11
13
1
13
3
1
1
16
19
3
6
4
14
18
12
3
19
1
15
1
12
1
20
1
12
12
1
1
1
1
10
1
1
10
10
14
14
14
1
7
1
1
1
14
1
1
5
1
4
1
10
10
12
3
16
17
1
1
1
1
1
5
5
1
1
17
5
1
7
1
1
1
2
1
11
20
1
1
10
1
1
1
14
13
1
20
1
8
1
2
1
1
4
7
1
1
16
10
5
1
1
1
1
7
18
5
17
1
1
1
1
1
1
1
14
6
1
1
1
1
1
1
11
6
14
1
1
11
12
1
14
1
1
1
1
12
5
1
18
1
1
1
5
1
1
1
1
1
1
1
1
1
1
1
1
11
1
1
20
1
1
1
1
2
1
17
18
1
1
9
1
1
7
8
1
1
1
1
1
20
16
8
1
9
11
1
10
1
1
1
1
1
1
2
5
1
1
12
1
1
1
1
1
19
15
1
1
6
1
4
1
1
14
15
1
1
1
19
10
1
10
1
1
15
7
1
8
1
1
1
1
4
1
1
1
2
1
8
13
6
1
1
1
1
1
1
1
1
4
1
20
8
1
1
1
1
1
1
1
1
8
17
1
1
1
1
1
1
1
1
20
10
1
1
8
17
